
502
521
520
519
517
516
516
516
515
514
513
513
511
512
513
512
512
512
513
509
510
507
506
503
502
499
497
495
494
491
488
486
484
483
482

479
477
474
472
468
467
469
469
470
471
474
475
477
479
482
484
486
489
492

493
496
498
500
502
502
504
505
506
506
508
509
509

508
510
509
509
510
511
510
509
509
510
509
507
506
506
505
503

504
502
500
500
501
501
500
501
501
502
501
501
503
503
503
503
503
503
502
503
503
503
503
503
503
501

501
502
503
503
503
505
506
507
509
511
513
513
515
517
518
519
521
523
523
525
526
528

529
529
531
531
531
531
533
533
532
532
533
533
532
532
532
531
532
532
532

531
528
528
527
526
526
525

524
523
522
521
521
517
514
514
512
510
509
509
509
507
508
508
507
507
509
510
510
511

511
512
512
512
513
513
511
510
512
511
509
509
509
509
508
507
508
506
506
506
506
504
503
502
503
501

500
501
501
499
500
500
500
499
498
499
499
497
497
499
498
498
498
499
498
497
498
500

498
498
498
498
499
499
500
500
500
501
501
501
501
501
502
501
500
501
502
500
501
500
501
500
499
500

500
499
499
499
500
500
500
502
502
503
504
508
508
509
511
513
515
516
518

520
523
523

526
529
530

532
535
537
537
538
539
540
540
541
541
540
539
539

539
538
537
536
537
537
536
536
536
535

534
534
534
532
531
531
529
528
527
528
527
525
524
524
523
522
521
521
522

522
522
521

519
518
518

517
516
514
514
514
512
511

511
511
510
509
510
508
507
506
506
506
505
504
503

502
502
503

503
503
502

502
502
501

501
502
501
501
501
502
502
501
504
503

503
502
502

502
501
501

501
500
500

500
500
501
500
498
500
499

498
498
498
498
497
496
496
494
492
492
493
492
491

491
491
491

491
491
493

493
493
494

494
495
495
497
497
497
497
498
498
497

499
501
500

500
500
502

501
501
501

502
502
502
503

505
504
505
507
508
509
511
514
515
515
517
520
521
523
524
526

527
527
528

530
529
529

531
531
532

531
533
533
533
536
534
535
534
535
536

536
535
535

535
535
533

533
533
532
531

530
530
528

528
527
526

525
523
522
520
519
517
517
517
515
514
515
514
514

513
514
514

513
513
513

512
511
512

512
511
510
510
510
509
509
509
509
507
507
507
506

506
506
506
506

506
507
505

504
503
503

502
501
500

501
500
498
497
496
496
495
494
495
495
496
497
499

499
499
500

501
501
502

503
503
502

501
501
501
500
500
500
500
499
499
498
498
497
498

498
498
497

496
499
498
497

499
498

497
498
498
499

499
498
498
498
498
498
499
498
498
498
499
500
500

501
502
503

503
505
508

509
510
513

514
517
517
519
521
522
523
525
526
526
527
529
529

530
530
531

530
530
529
530

529
529
529

529
529
529

528
529
528
527
528
528
527
528
528
528
527
526
527

525
524
524

523
522
520

521
520
521

520
520
519
519
517
517
517
515
515
515
514
514
513

514
514
513
512

514
512
511

511
511
511

510
509
509

509
508
508
509
508
507
508
508
505
503
506
505
505

503
504
504

503
503
504

504
503
503

502
500
500
499
499
496
495
495
496
495
494
496
496
495
496
497
497

497
497
497

497
497
497

498
497
496

496
496
496
496
496
497
497
498
501
500
500
501
502

504
504
506

509
510
512

515
516
518

519
522
524
524
526
528
530
530
530
531
533
532
533
534
534
534
532

534
533
532

532
533
533

534
533
534

534
533
533
533
532
533
532
532
530
529
530
528
527

525
525
524

521
520
521

519
518
518

518
517
516
514
514
514
511
512
512
510
510
512
513
511
512
512
511

510
509
509

507
507
507

507
506
505

506
504
504
503
504
504
503
502
502
502
501
499
500

500
498
498

498
497
496

494
495
495

494
494
495
494

495
494
494
492
491
491
491
491
490
492
492
492
494

493
494
494

494
495
495

494
496
498

499
500
501
503
502
503
504
505
503
503
503
504
504

502
502
503

502
501
503

502
501
501

502
503
503
503

505
505
506

509
509
510
512
514
517
518
520
523
523

526
528
529

531
533
534

535
536
536

536
538
538
538
539
540
539
539
540
541
540
540
541

541
541
540

540
540
539

539
539
538
536

536
535
533

531
529
529

527
525
524
522
519
518
518
517
515
513

514
514
512

511
511
511

509
509
509

508
508
507
507
508
507
507
507
507
506
507
508
507

507
507
507

505
505
506

505
503
503
503

502
501
500

500
499
498

499
498
499
497
497
498
496
496
497
497

497
496
497

497
497
498

499
499
498

497
498
496
494
493
493
492
492
492
492
492
491
491

492
490
491

491
493
493
492

493
493

492
492
493
494

494
495
496

496
496
497
498
499
498
500
502
503
503

506
508
509

511
513
516

517
518
522

523
524
526
528
530
530
530
532
532
532
534
536
536

537
540
540

539
539
541
541

540
538
540

540
539
538

538
537
536

536
536
534
532
532
531
528
526
526
525

523
521
520

519
518
517

517
517
516

515
515
516
514
516
514
514
513
513
512
513
511
512

512
512
512
512
513
512

510
509
508
506

504
504
503

502
502
502

501
501
500
501
500
499
500
500
499
498

499
499
499

498
500
500

499
500
500

500
500
500
501
501
501
502
502
503
502
502
502
501

500
501
501

499
499
499
499

499
498
498

498
497
496

497
497
496

496
498
497
498
499
500
501
502
504
505

506
507
509

512
514
516

518
520
522

524
526
529

529
530
532
533
533
534
536
536
537
538
539
538
538
539
539
539
539

540
541
540

539
541
539

537
535
534

533
531
529
528
526
525
523
522
520
519

518
517
515

513
514
513

512
511
512
511

512
514

515
516
516
515
515
515
514
513
515
512
512
511
511
509
508
508
508

506
506
505

505
504
503

504
502
502

500
500
501
498
498
498
497
495
496
497

497
496
496
496
496
495

496
497
497

495
497
497

496
495
496
496
495
495
496
496
495
495
496
496
496
496
496
496
495

496
497
496

496
497
498

497
497
498

498
497
498
497
496
494
494
493
493
491
492
492
491

491
492
493

492
492
494

494
494
496

497
499
500
502

506
508
510
512
515
517
519
520
523
524
526
528
530

531
532
534

537
538
539

541
543
544

545
548
547
546
546
547
547
547
546
547
546
545
545

544
544
543

543
542
541

539
538
538

535
534
532
531

529
529
527
526
524
524
523
521
519
518
518
516
514

513
513
512

511
511
510

509
508
508

507
506
505
506
506
505
504
506
505
506
505
506
506

505
505
505

504
504
504
504

503
501

502
501
500
500

500
500
499
499
499
499
498
500
498
498
497
497
497

497
497
497

497
496
495

496
496
496

495
496
495
496
495
496
496
495
497
496
496
496
495

496
496
495

496
496
495
495

496
497

496
496
496
496

496
496
495
496
495
495
496
496
496
496
496
496
494

494
494
492

492
493
493

493
492
493

493
492
493
494
494
494
495
498
497
496
497
499
499

500
500
503
502

504
507

507
508
509
511

514
515
518

519
521
521
524
525
527
527
528
530
530
531
531
533

534
534
536

537
537
537

538
538
538

539
539
540
539
540
541
541
540
541
541
540
539
538
538
536
535
533

533
532
529

529
528
526

526
524
524

524
523
523
522
521
520
521
520
518
518
518
516
515

515
515
514

513
513
512

513
512
512

511
510
509
508
509
507
506
506
505
504
503
503
501

500
501
500
499

498
498
498

497
497
496

496
496
494

495
495
494
494
495
496
495
495
497
495
495
495
496

496
495
495

496
496
496

499
497
497

498
498
499
498
498
499
499
498
499
498
499
497
498
499
498
497
498

497
497
496

496
497
496

497
496
496

496
496
496
496
496
495
496
496
496
496
498
498
497

498
499
499

500
500
501

501
501
502

503
502
502
501
503
502
502
505
504
503
505
506
507
508
508
510
511

512
514
516

517
517
521

521
521
522

523
524
525
525
527
527
527
528
529
528
528
528
530

530
530
530

530
531
530

531
532
532

532
532
532
531

530
533
532
530
528
527
526
524
525
522
522
520
520

519
519
518

517
518
517

516
515
515

513
512
512
512
511
511
512
512
511
511
511
509
506

505
505
504

503
502
502

502
502
501

502
502
502
501
502
501
500

501
502
501
501
501
500
500
498
499
499

499
498
499

499
499
498

499
499
498

499
498
497
497
498
499
498
497
499
498
498
499
498

498
498
498

499
499
498

499
500
500
499

499
499
498
498
497
498

497
496
497
498
497
496
498
498
497
496

498
498
497

498
498
499

500
500
502

502
502
504
506
506
507
510
512
514
514
517
519
520

523
526
528

529
530
532

533
533
535

537
536
536
536

537
537
536

537
538
537
536
537
537
537
536
536
536

535
533
533

533
531
530

530
530
527

527
527
526
524
524
523
521
519
518
517
516
515
515

515
514
513
513
513
512

512
512
511
510

510
511
511

510
510
510

509
508
508
509
508
506
507
507
505
507

503
502
500

499
500
499

497
497
497

497
496
496
497
496
496
497
498
499
499
501
502
501

502
503
502

502
502
503
503

501
502

502
501
501
499

499
498
498

498
498
497
496
497
497
496
495
497
496

496
496
496

496
495
495

496
497
495

496
497
497
496
497
497
498
497
498
499
498
498
499

500
499
499

500
500
499
499

500
501

500
499
501
500

499
499
500

499
499
500
500
500
501
501
502
503
503

504
505
505

506
510
510

511
512
515

516
517
519

521
521
521
523
524
525
526
529
529
530
530
531
532
532
532
532
533

533
533
534

533
533
533

534
533
533

533
533
533
532
532
533
531
530
530
529

527
526
526

525
523
522

522
522
519

519
520
517

517
516
516
515

514
514
515
515
513
512

512
510
509
508
508
506
505

505
504
503

503
504
504

503
503
504

504
505
506
506
505
507
508
509
509
508
509
508
507

507
507
506

505
504
504

502
501
502
501

501
499
499
500
499
497
497
496
496
496
496
497
497
496
497
497

496
500
498

497
497
496

497
498
496

497
498
497
495
496
497
497
497
497
497
498
497
497

498
497
497

498
498
497

497
498
498

497
497
499
498
498
499
500
501
501
502
504
503
504
505
507
508
510

512
513
514

515
518
519

520
521
524

525
526
526
529
530
530
531
532
532
532
533
534
534

534
534
535

534
535
535

535
534
533

534
533
532
531
531
532
530
530
529
527

527
525
525
522
520
520
520

518
517
517

516
515
514

516
514
512

512
513
512
513
513
513
513
513
514
514
511
510
508

509
507
505

506
505
504

505
503
503

502
501
502
501

500
500
500
500
499
500
500
499
499
500
500
500
498

499
500
499

498
500
500

499
498
498

498
495
495
495
495
494
494
495
494
494
494
495
494

495
496
496

496
496
497

498
498
498
500

501
500
501

501
502
501
501
502
501
501
501
501
501
501
502
502

502
502
503

503
501
501

503
503
503

503
505
505
506
508
510
511
511
513
515
516
518
521

522
524
525

528
529
529

531
532
532
531

531
532
532

532
533
533
533
533
534
533
532
531
532
533
532
531

532
532
531

529
530
530

527
527
527

526
524
522
523
522
520
519
519
518
517
517
516
514

514
514
514

514
512
513

513
512
512
512

511
510
510

510
511
511
511
512
512
511
510
508
506
505
504
504

502
501
501

501
501
499

499
499
498

498
498
498
497
497
498
498
498
497
498
497
497
497

497
496
496

497
498
498

499
499
500

499
499
499
499

499
499
499
500
498
499
500
500
499
499
499
499
498

498
499
497

497
498
499

499
498
499

500
500
500
501
501
500
501
503
504
504
506
510
512

514
517
520

522
524
526
529

530
531
533

535
536
537

537
538
538
537
539
538
537
538
539
538
539
539
540

540
540
540

541
540
539

540
540
540

539
540
539
538
537
537
536
533
532
531
529
528
527
526
526
524
524

524
522
520

520
520
519

518
518
518

517
516
516
516
513
513
513
513
511
510
510
510
509

509
508
507

507
508
507

507
506
507

508
507
506
507

506
506
505
506
505
504
503
504
502
501
501
502

501
501
501
501

500
499
499

498
496
495

494
494
493
493
493
494
493
493
494
493
492
492
495

494
493
494

494
495
495

496
496
496

496
497
498
498
498
500
501

501
502
502
502
501
502
504
503
501
503

504
504
504

504
504
504

503
505
507

507
507
510
511
514
515
520
520
521
524
527
528
529

531
534
535

535
537
539

539
540
542

542
543
542
544
544
544
545
545
545
544
544
545
544
544
544
544
544

543
542
542

540
539
538

537
536
534

533
532
530
527
526
522
520
518
518
517
515
514
513

513
512
511

510
509
509

509
508
508

507
507
507
507

506
508
507
505
504
506
505
505
504
505
505
504
504

505
504
504

503
503
502

501
502
503

502
501
501
502
500
499
500
499
498
498
499
498
498

499
498
497
496
496
496

494
495
495

496
495
495
495
496
495
495

496
496
496
497
498
497
497
497
498
498

498
498
498

498
497
497

498
497
496

498
497
496
496
497
497
496
496
496
496
496
495
496

496
496
496

497
497
496
496

497
497

496
496
497
496

496
497
499

497
497
500
500
501
501
504
505
506
508

513
514
516

517
520
522

523
526
528

529
530
532

535
536
536
538
540
540
540
542
542
542

542
543
543

542
543
543

544
543
543
543

